+---------+-------+------------+--------------+----------------+--------------+-------------+-----------------+------------+--------------+------------------+---------------+----------+----------------+------------------+
|   LAYER | EPOCH | DATE       | VAULTNEWVEST | VAULTTOTALVEST | VAULTPCTVEST | VAULTTOTAL  | SUBSIDYPERLAYER | SUBSIDYNEW | SUBSIDYTOTAL | CIRCULATINGTOTAL | ISSUANCETOTAL | PCTVAULT | PCTCIRCULATING | PCTFINALISSUANCE |
+---------+-------+------------+--------------+----------------+--------------+-------------+-----------------+------------+--------------+------------------+---------------+----------+----------------+------------------+
|       0 |     0 | 2023-08-11 |            0 |              0 |        0.00% | 150,000,000 |             477 |        477 |          477 |              477 |   150,000,477 |  100.00% |          0.00% |            6.25% |
|    4032 |     1 | 2023-08-25 |            0 |              0 |        0.00% | 150,000,000 |             477 |  1,924,933 |    1,925,410 |        1,925,410 |   151,925,410 |   98.73% |          1.27% |            6.33% |
|    8064 |     2 | 2023-09-08 |            0 |              0 |        0.00% | 150,000,000 |             476 |  1,923,286 |    3,848,697 |        3,848,697 |   153,848,697 |   97.50% |          2.50% |            6.41% |
|   12096 |     3 | 2023-09-22 |            0 |              0 |        0.00% | 150,000,000 |             476 |  1,921,641 |    5,770,338 |        5,770,338 |   155,770,338 |   96.30% |          3.70% |            6.49% |
|   16128 |     4 | 2023-10-06 |            0 |              0 |        0.00% | 150,000,000 |             475 |  1,919,997 |    7,690,335 |        7,690,335 |   157,690,335 |   95.12% |          4.88% |            6.57% |
|   20160 |     5 | 2023-10-20 |            0 |              0 |        0.00% | 150,000,000 |             475 |  1,918,354 |    9,608,689 |        9,608,689 |   159,608,689 |   93.98% |          6.02% |            6.65% |
|   24192 |     6 | 2023-11-03 |            0 |              0 |        0.00% | 150,000,000 |             475 |  1,916,713 |   11,525,403 |       11,525,403 |   161,525,403 |   92.86% |          7.14% |            6.73% |
|   28224 |     7 | 2023-11-17 |            0 |              0 |        0.00% | 150,000,000 |             474 |  1,915,073 |   13,440,476 |       13,440,476 |   163,440,476 |   91.78% |          8.22% |            6.81% |
|   32256 |     8 | 2023-12-01 |            0 |              0 |        0.00% | 150,000,000 |             474 |  1,913,435 |   15,353,911 |       15,353,911 |   165,353,911 |   90.71% |          9.29% |            6.89% |
|   36288 |     9 | 2023-12-15 |            0 |              0 |        0.00% | 150,000,000 |             473 |  1,911,798 |   17,265,709 |       17,265,709 |   167,265,709 |   89.68% |         10.32% |            6.97% |
|   40320 |    10 | 2023-12-29 |            0 |              0 |        0.00% | 150,000,000 |             473 |  1,910,162 |   19,175,871 |       19,175,871 |   169,175,871 |   88.67% |         11.33% |            7.05% |
|   44352 |    11 | 2024-01-12 |            0 |              0 |        0.00% | 150,000,000 |             473 |  1,908,528 |   21,084,400 |       21,084,400 |   171,084,400 |   87.68% |         12.32% |            7.13% |
|   48384 |    12 | 2024-01-26 |            0 |              0 |        0.00% | 150,000,000 |             472 |  1,906,895 |   22,991,295 |       22,991,295 |   172,991,295 |   86.71% |         13.29% |            7.21% |
|   52416 |    13 | 2024-02-09 |            0 |              0 |        0.00% | 150,000,000 |             472 |  1,905,264 |   24,896,559 |       24,896,559 |   174,896,559 |   85.76% |         14.24% |            7.29% |
|   56448 |    14 | 2024-02-23 |            0 |              0 |        0.00% | 150,000,000 |             471 |  1,903,634 |   26,800,193 |       26,800,193 |   176,800,193 |   84.84% |         15.16% |            7.37% |
|   60480 |    15 | 2024-03-08 |            0 |              0 |        0.00% | 150,000,000 |             471 |  1,902,005 |   28,702,199 |       28,702,199 |   178,702,199 |   83.94% |         16.06% |            7.45% |
|   64512 |    16 | 2024-03-22 |            0 |              0 |        0.00% | 150,000,000 |             471 |  1,900,378 |   30,602,577 |       30,602,577 |   180,602,577 |   83.06% |         16.94% |            7.53% |
|   68544 |    17 | 2024-04-05 |            0 |              0 |        0.00% | 150,000,000 |             470 |  1,898,752 |   32,501,329 |       32,501,329 |   182,501,329 |   82.19% |         17.81% |            7.60% |
|   72576 |    18 | 2024-04-19 |            0 |              0 |        0.00% | 150,000,000 |             470 |  1,897,127 |   34,398,457 |       34,398,457 |   184,398,457 |   81.35% |         18.65% |            7.68% |
|   76608 |    19 | 2024-05-03 |            0 |              0 |        0.00% | 150,000,000 |             469 |  1,895,504 |   36,293,962 |       36,293,962 |   186,293,962 |   80.52% |         19.48% |            7.76% |
|   80640 |    20 | 2024-05-17 |            0 |              0 |        0.00% | 150,000,000 |             469 |  1,893,883 |   38,187,845 |       38,187,845 |   188,187,845 |   79.71% |         20.29% |            7.84% |
|   84672 |    21 | 2024-05-31 |            0 |              0 |        0.00% | 150,000,000 |             469 |  1,892,262 |   40,080,108 |       40,080,108 |   190,080,108 |   78.91% |         21.09% |            7.92% |
|   88704 |    22 | 2024-06-14 |            0 |              0 |        0.00% | 150,000,000 |             468 |  1,890,644 |   41,970,753 |       41,970,753 |   191,970,753 |   78.14% |         21.86% |            8.00% |
|   92736 |    23 | 2024-06-28 |            0 |              0 |        0.00% | 150,000,000 |             468 |  1,889,026 |   43,859,779 |       43,859,779 |   193,859,779 |   77.38% |         22.62% |            8.08% |
|   96768 |    24 | 2024-07-12 |            0 |              0 |        0.00% | 150,000,000 |             467 |  1,887,410 |   45,747,190 |       45,747,190 |   195,747,190 |   76.63% |         23.37% |            8.16% |
|  100800 |    25 | 2024-07-26 |            0 |              0 |        0.00% | 150,000,000 |             467 |  1,885,795 |   47,632,985 |       47,632,985 |   197,632,985 |   75.90% |         24.10% |            8.23% |
|  104832 |    26 | 2024-08-09 |            0 |              0 |        0.00% | 150,000,000 |             467 |  1,884,182 |   49,517,168 |       49,517,168 |   199,517,168 |   75.18% |         24.82% |            8.31% |
|  108864 |    27 | 2024-08-23 |   38,835,616 |     38,835,616 |       25.89% | 150,000,000 |             466 |  1,882,570 |   51,399,738 |       90,235,355 |   201,399,738 |   74.48% |         44.80% |            8.39% |
|  112896 |    28 | 2024-09-06 |    1,438,356 |     40,273,972 |       26.85% | 150,000,000 |             466 |  1,880,959 |   53,280,698 |       93,554,671 |   203,280,698 |   73.79% |         46.02% |            8.47% |
|  116928 |    29 | 2024-09-20 |    1,438,356 |     41,712,328 |       27.81% | 150,000,000 |             465 |  1,879,350 |   55,160,049 |       96,872,378 |   205,160,049 |   73.11% |         47.22% |            8.55% |
|  120960 |    30 | 2024-10-04 |    1,438,356 |     43,150,684 |       28.77% | 150,000,000 |             465 |  1,877,742 |   57,037,792 |      100,188,477 |   207,037,792 |   72.45% |         48.39% |            8.63% |
|  124992 |    31 | 2024-10-18 |    1,438,356 |     44,589,041 |       29.73% | 150,000,000 |             465 |  1,876,136 |   58,913,928 |      103,502,969 |   208,913,928 |   71.80% |         49.54% |            8.70% |
|  129024 |    32 | 2024-11-01 |    1,438,356 |     46,027,397 |       30.68% | 150,000,000 |             464 |  1,874,531 |   60,788,459 |      106,815,857 |   210,788,459 |   71.16% |         50.67% |            8.78% |
|  133056 |    33 | 2024-11-15 |    1,438,356 |     47,465,753 |       31.64% | 150,000,000 |             464 |  1,872,927 |   62,661,387 |      110,127,140 |   212,661,387 |   70.53% |         51.79% |            8.86% |
|  137088 |    34 | 2024-11-29 |    1,438,356 |     48,904,109 |       32.60% | 150,000,000 |             463 |  1,871,325 |   64,532,712 |      113,436,822 |   214,532,712 |   69.92% |         52.88% |            8.94% |
|  141120 |    35 | 2024-12-13 |    1,438,356 |     50,342,465 |       33.56% | 150,000,000 |             463 |  1,869,724 |   66,402,437 |      116,744,902 |   216,402,437 |   69.32% |         53.95% |            9.02% |
|  145152 |    36 | 2024-12-27 |    1,438,356 |     51,780,821 |       34.52% | 150,000,000 |             463 |  1,868,124 |   68,270,561 |      120,051,383 |   218,270,561 |   68.72% |         55.00% |            9.09% |
|  149184 |    37 | 2025-01-10 |    1,438,356 |     53,219,178 |       35.48% | 150,000,000 |             462 |  1,866,526 |   70,137,088 |      123,356,266 |   220,137,088 |   68.14% |         56.04% |            9.17% |
|  153216 |    38 | 2025-01-24 |    1,438,356 |     54,657,534 |       36.44% | 150,000,000 |             462 |  1,864,929 |   72,002,017 |      126,659,551 |   222,002,017 |   67.57% |         57.05% |            9.25% |
|  157248 |    39 | 2025-02-07 |    1,438,356 |     56,095,890 |       37.40% | 150,000,000 |             461 |  1,863,334 |   73,865,351 |      129,961,242 |   223,865,351 |   67.00% |         58.05% |            9.33% |
|  161280 |    40 | 2025-02-21 |    1,438,356 |     57,534,246 |       38.36% | 150,000,000 |             461 |  1,861,739 |   75,727,091 |      133,261,338 |   225,727,091 |   66.45% |         59.04% |            9.41% |
|  165312 |    41 | 2025-03-07 |    1,438,356 |     58,972,602 |       39.32% | 150,000,000 |             461 |  1,860,147 |   77,587,239 |      136,559,841 |   227,587,239 |   65.91% |         60.00% |            9.48% |
|  169344 |    42 | 2025-03-21 |    1,438,356 |     60,410,958 |       40.27% | 150,000,000 |             460 |  1,858,555 |   79,445,794 |      139,856,753 |   229,445,794 |   65.37% |         60.95% |            9.56% |
|  173376 |    43 | 2025-04-04 |    1,438,356 |     61,849,315 |       41.23% | 150,000,000 |             460 |  1,856,965 |   81,302,760 |      143,152,075 |   231,302,760 |   64.85% |         61.89% |            9.64% |
|  177408 |    44 | 2025-04-18 |    1,438,356 |     63,287,671 |       42.19% | 150,000,000 |             459 |  1,855,377 |   83,158,137 |      146,445,808 |   233,158,137 |   64.33% |         62.81% |            9.71% |
|  181440 |    45 | 2025-05-02 |    1,438,356 |     64,726,027 |       43.15% | 150,000,000 |             459 |  1,853,789 |   85,011,927 |      149,737,954 |   235,011,927 |   63.83% |         63.72% |            9.79% |
|  185472 |    46 | 2025-05-16 |    1,438,356 |     66,164,383 |       44.11% | 150,000,000 |             459 |  1,852,203 |   86,864,131 |      153,028,514 |   236,864,131 |   63.33% |         64.61% |            9.87% |
|  189504 |    47 | 2025-05-30 |    1,438,356 |     67,602,739 |       45.07% | 150,000,000 |             458 |  1,850,619 |   88,714,750 |      156,317,490 |   238,714,750 |   62.84% |         65.48% |            9.95% |
|  193536 |    48 | 2025-06-13 |    1,438,356 |     69,041,095 |       46.03% | 150,000,000 |             458 |  1,849,035 |   90,563,786 |      159,604,882 |   240,563,786 |   62.35% |         66.35% |           10.02% |
|  197568 |    49 | 2025-06-27 |    1,438,356 |     70,479,452 |       46.99% | 150,000,000 |             458 |  1,847,454 |   92,411,240 |      162,890,692 |   242,411,240 |   61.88% |         67.20% |           10.10% |
|  201600 |    50 | 2025-07-11 |    1,438,356 |     71,917,808 |       47.95% | 150,000,000 |             457 |  1,845,873 |   94,257,113 |      166,174,921 |   244,257,113 |   61.41% |         68.03% |           10.18% |
|  205632 |    51 | 2025-07-25 |    1,438,356 |     73,356,164 |       48.90% | 150,000,000 |             457 |  1,844,294 |   96,101,407 |      169,457,572 |   246,101,407 |   60.95% |         68.86% |           10.25% |
|  209664 |    52 | 2025-08-08 |    1,438,356 |     74,794,520 |       49.86% | 150,000,000 |             456 |  1,842,716 |   97,944,124 |      172,738,644 |   247,944,124 |   60.50% |         69.67% |           10.33% |
|  213696 |    53 | 2025-08-22 |    1,438,356 |     76,232,876 |       50.82% | 150,000,000 |             456 |  1,841,139 |   99,785,264 |      176,018,141 |   249,785,264 |   60.05% |         70.47% |           10.41% |
|  217728 |    54 | 2025-09-05 |    1,438,356 |     77,671,232 |       51.78% | 150,000,000 |             456 |  1,839,564 |  101,624,829 |      179,296,062 |   251,624,829 |   59.61% |         71.26% |           10.48% |
|  221760 |    55 | 2025-09-19 |    1,438,356 |     79,109,589 |       52.74% | 150,000,000 |             455 |  1,837,991 |  103,462,820 |      182,572,409 |   253,462,820 |   59.18% |         72.03% |           10.56% |
|  225792 |    56 | 2025-10-03 |    1,438,356 |     80,547,945 |       53.70% | 150,000,000 |             455 |  1,836,418 |  105,299,238 |      185,847,183 |   255,299,238 |   58.75% |         72.80% |           10.64% |
|  229824 |    57 | 2025-10-17 |    1,438,356 |     81,986,301 |       54.66% | 150,000,000 |             454 |  1,834,847 |  107,134,086 |      189,120,387 |   257,134,086 |   58.34% |         73.55% |           10.71% |
|  233856 |    58 | 2025-10-31 |    1,438,356 |     83,424,657 |       55.62% | 150,000,000 |             454 |  1,833,277 |  108,967,363 |      192,392,021 |   258,967,363 |   57.92% |         74.29% |           10.79% |
|  237888 |    59 | 2025-11-14 |    1,438,356 |     84,863,013 |       56.58% | 150,000,000 |             454 |  1,831,709 |  110,799,073 |      195,662,086 |   260,799,073 |   57.52% |         75.02% |           10.87% |
|  241920 |    60 | 2025-11-28 |    1,438,356 |     86,301,369 |       57.53% | 150,000,000 |             453 |  1,830,142 |  112,629,215 |      198,930,585 |   262,629,215 |   57.11% |         75.75% |           10.94% |
|  245952 |    61 | 2025-12-12 |    1,438,356 |     87,739,726 |       58.49% | 150,000,000 |             453 |  1,828,576 |  114,457,791 |      202,197,517 |   264,457,791 |   56.72% |         76.46% |           11.02% |
|  249984 |    62 | 2025-12-26 |    1,438,356 |     89,178,082 |       59.45% | 150,000,000 |             452 |  1,827,012 |  116,284,803 |      205,462,886 |   266,284,803 |   56.33% |         77.16% |           11.10% |
|  254016 |    63 | 2026-01-09 |    1,438,356 |     90,616,438 |       60.41% | 150,000,000 |             452 |  1,825,449 |  118,110,252 |      208,726,691 |   268,110,252 |   55.95% |         77.85% |           11.17% |
|  258048 |    64 | 2026-01-23 |    1,438,356 |     92,054,794 |       61.37% | 150,000,000 |             452 |  1,823,887 |  119,934,140 |      211,988,934 |   269,934,140 |   55.57% |         78.53% |           11.25% |
|  262080 |    65 | 2026-02-06 |    1,438,356 |     93,493,150 |       62.33% | 150,000,000 |             451 |  1,822,326 |  121,756,467 |      215,249,617 |   271,756,467 |   55.20% |         79.21% |           11.32% |
|  266112 |    66 | 2026-02-20 |    1,438,356 |     94,931,506 |       63.29% | 150,000,000 |             451 |  1,820,767 |  123,577,234 |      218,508,741 |   273,577,234 |   54.83% |         79.87% |           11.40% |
|  270144 |    67 | 2026-03-06 |    1,438,356 |     96,369,863 |       64.25% | 150,000,000 |             450 |  1,819,210 |  125,396,445 |      221,766,308 |   275,396,445 |   54.47% |         80.53% |           11.47% |
|  274176 |    68 | 2026-03-20 |    1,438,356 |     97,808,219 |       65.21% | 150,000,000 |             450 |  1,817,653 |  127,214,098 |      225,022,318 |   277,214,098 |   54.11% |         81.17% |           11.55% |
|  278208 |    69 | 2026-04-03 |    1,438,356 |     99,246,575 |       66.16% | 150,000,000 |             450 |  1,816,098 |  129,030,197 |      228,276,772 |   279,030,197 |   53.76% |         81.81% |           11.63% |
|  282240 |    70 | 2026-04-17 |    1,438,356 |    100,684,931 |       67.12% | 150,000,000 |             449 |  1,814,544 |  130,844,742 |      231,529,674 |   280,844,742 |   53.41% |         82.44% |           11.70% |
|  286272 |    71 | 2026-05-01 |    1,438,356 |    102,123,287 |       68.08% | 150,000,000 |             449 |  1,812,992 |  132,657,735 |      234,781,022 |   282,657,735 |   53.07% |         83.06% |           11.78% |
|  290304 |    72 | 2026-05-15 |    1,438,356 |    103,561,643 |       69.04% | 150,000,000 |             449 |  1,811,441 |  134,469,176 |      238,030,820 |   284,469,176 |   52.73% |         83.68% |           11.85% |
|  294336 |    73 | 2026-05-29 |    1,438,356 |    104,999,999 |       70.00% | 150,000,000 |             448 |  1,809,891 |  136,279,068 |      241,279,068 |   286,279,068 |   52.40% |         84.28% |           11.93% |
|  298368 |    74 | 2026-06-12 |    1,438,356 |    106,438,356 |       70.96% | 150,000,000 |             448 |  1,808,343 |  138,087,411 |      244,525,768 |   288,087,411 |   52.07% |         84.88% |           12.00% |
|  302400 |    75 | 2026-06-26 |    1,438,356 |    107,876,712 |       71.92% | 150,000,000 |             447 |  1,806,796 |  139,894,208 |      247,770,920 |   289,894,208 |   51.74% |         85.47% |           12.08% |
|  306432 |    76 | 2026-07-10 |    1,438,356 |    109,315,068 |       72.88% | 150,000,000 |             447 |  1,805,250 |  141,699,458 |      251,014,527 |   291,699,458 |   51.42% |         86.05% |           12.15% |
|  310464 |    77 | 2026-07-24 |    1,438,356 |    110,753,424 |       73.84% | 150,000,000 |             447 |  1,803,706 |  143,503,164 |      254,256,589 |   293,503,164 |   51.11% |         86.63% |           12.23% |
|  314496 |    78 | 2026-08-07 |    1,438,356 |    112,191,780 |       74.79% | 150,000,000 |             446 |  1,802,162 |  145,305,327 |      257,497,108 |   295,305,327 |   50.79% |         87.20% |           12.30% |
|  318528 |    79 | 2026-08-21 |    1,438,356 |    113,630,136 |       75.75% | 150,000,000 |             446 |  1,800,621 |  147,105,949 |      260,736,086 |   297,105,949 |   50.49% |         87.76% |           12.38% |
|  322560 |    80 | 2026-09-04 |    1,438,356 |    115,068,493 |       76.71% | 150,000,000 |             446 |  1,799,080 |  148,905,029 |      263,973,523 |   298,905,029 |   50.18% |         88.31% |           12.45% |
|  326592 |    81 | 2026-09-18 |    1,438,356 |    116,506,849 |       77.67% | 150,000,000 |             445 |  1,797,541 |  150,702,571 |      267,209,420 |   300,702,571 |   49.88% |         88.86% |           12.53% |
|  330624 |    82 | 2026-10-02 |    1,438,356 |    117,945,205 |       78.63% | 150,000,000 |             445 |  1,796,003 |  152,498,575 |      270,443,780 |   302,498,575 |   49.59% |         89.40% |           12.60% |
|  334656 |    83 | 2026-10-16 |    1,438,356 |    119,383,561 |       79.59% | 150,000,000 |             444 |  1,794,467 |  154,293,042 |      273,676,603 |   304,293,042 |   49.29% |         89.94% |           12.68% |
|  338688 |    84 | 2026-10-30 |    1,438,356 |    120,821,917 |       80.55% | 150,000,000 |             444 |  1,792,931 |  156,085,974 |      276,907,892 |   306,085,974 |   49.01% |         90.47% |           12.75% |
|  342720 |    85 | 2026-11-13 |    1,438,356 |    122,260,273 |       81.51% | 150,000,000 |             444 |  1,791,398 |  157,877,372 |      280,137,646 |   307,877,372 |   48.72% |         90.99% |           12.83% |
|  346752 |    86 | 2026-11-27 |    1,438,356 |    123,698,630 |       82.47% | 150,000,000 |             443 |  1,789,865 |  159,667,237 |      283,365,867 |   309,667,237 |   48.44% |         91.51% |           12.90% |
|  350784 |    87 | 2026-12-11 |    1,438,356 |    125,136,986 |       83.42% | 150,000,000 |             443 |  1,788,334 |  161,455,572 |      286,592,558 |   311,455,572 |   48.16% |         92.02% |           12.98% |
|  354816 |    88 | 2026-12-25 |    1,438,356 |    126,575,342 |       84.38% | 150,000,000 |             442 |  1,786,804 |  163,242,376 |      289,817,718 |   313,242,376 |   47.89% |         92.52% |           13.05% |
|  358848 |    89 | 2027-01-08 |    1,438,356 |    128,013,698 |       85.34% | 150,000,000 |             442 |  1,785,275 |  165,027,651 |      293,041,350 |   315,027,651 |   47.61% |         93.02% |           13.13% |
|  362880 |    90 | 2027-01-22 |    1,438,356 |    129,452,054 |       86.30% | 150,000,000 |             442 |  1,783,748 |  166,811,400 |      296,263,454 |   316,811,400 |   47.35% |         93.51% |           13.20% |
|  366912 |    91 | 2027-02-05 |    1,438,356 |    130,890,410 |       87.26% | 150,000,000 |             441 |  1,782,222 |  168,593,622 |      299,484,033 |   318,593,622 |   47.08% |         94.00% |           13.27% |
|  370944 |    92 | 2027-02-19 |    1,438,356 |    132,328,767 |       88.22% | 150,000,000 |             441 |  1,780,697 |  170,374,319 |      302,703,086 |   320,374,319 |   46.82% |         94.48% |           13.35% |
|  374976 |    93 | 2027-03-05 |    1,438,356 |    133,767,123 |       89.18% | 150,000,000 |             441 |  1,779,174 |  172,153,493 |      305,920,617 |   322,153,493 |   46.56% |         94.96% |           13.42% |
|  379008 |    94 | 2027-03-19 |    1,438,356 |    135,205,479 |       90.14% | 150,000,000 |             440 |  1,777,651 |  173,931,145 |      309,136,625 |   323,931,145 |   46.31% |         95.43% |           13.50% |
|  383040 |    95 | 2027-04-02 |    1,438,356 |    136,643,835 |       91.10% | 150,000,000 |             440 |  1,776,131 |  175,707,276 |      312,351,112 |   325,707,276 |   46.05% |         95.90% |           13.57% |
|  387072 |    96 | 2027-04-16 |    1,438,356 |    138,082,191 |       92.05% | 150,000,000 |             439 |  1,774,611 |  177,481,888 |      315,564,080 |   327,481,888 |   45.80% |         96.36% |           13.65% |
|  391104 |    97 | 2027-04-30 |    1,438,356 |    139,520,547 |       93.01% | 150,000,000 |             439 |  1,773,093 |  179,254,981 |      318,775,529 |   329,254,981 |   45.56% |         96.82% |           13.72% |
|  395136 |    98 | 2027-05-14 |    1,438,356 |    140,958,904 |       93.97% | 150,000,000 |             439 |  1,771,576 |  181,026,558 |      321,985,462 |   331,026,558 |   45.31% |         97.27% |           13.79% |
|  399168 |    99 | 2027-05-28 |    1,438,356 |    142,397,260 |       94.93% | 150,000,000 |             438 |  1,770,060 |  182,796,618 |      325,193,879 |   332,796,618 |   45.07% |         97.72% |           13.87% |
|  403200 |   100 | 2027-06-11 |    1,438,356 |    143,835,616 |       95.89% | 150,000,000 |             438 |  1,768,546 |  184,565,165 |      328,400,781 |   334,565,165 |   44.83% |         98.16% |           13.94% |
|  407232 |   101 | 2027-06-25 |    1,438,356 |    145,273,972 |       96.85% | 150,000,000 |             438 |  1,767,033 |  186,332,198 |      331,606,171 |   336,332,198 |   44.60% |         98.59% |           14.01% |
|  411264 |   102 | 2027-07-09 |    1,438,356 |    146,712,328 |       97.81% | 150,000,000 |             437 |  1,765,521 |  188,097,720 |      334,810,048 |   338,097,720 |   44.37% |         99.03% |           14.09% |
|  415296 |   103 | 2027-07-23 |    1,438,356 |    148,150,684 |       98.77% | 150,000,000 |             437 |  1,764,011 |  189,861,731 |      338,012,416 |   339,861,731 |   44.14% |         99.46% |           14.16% |
|  419328 |   104 | 2027-08-06 |    1,438,356 |    149,589,041 |       99.73% | 150,000,000 |             436 |  1,762,502 |  191,624,233 |      341,213,274 |   341,624,233 |   43.91% |         99.88% |           14.23% |
|  423360 |   105 | 2027-08-20 |      410,958 |    150,000,000 |      100.00% | 150,000,000 |             436 |  1,760,994 |  193,385,227 |      343,385,227 |   343,385,227 |   43.68% |        100.00% |           14.31% |
|  427392 |   106 | 2027-09-03 |            0 |    150,000,000 |      100.00% | 150,000,000 |             436 |  1,759,487 |  195,144,715 |      345,144,715 |   345,144,715 |   43.46% |        100.00% |           14.38% |
|  431424 |   107 | 2027-09-17 |            0 |    150,000,000 |      100.00% | 150,000,000 |             435 |  1,757,982 |  196,902,697 |      346,902,697 |   346,902,697 |   43.24% |        100.00% |           14.45% |
|  435456 |   108 | 2027-10-01 |            0 |    150,000,000 |      100.00% | 150,000,000 |             435 |  1,756,478 |  198,659,175 |      348,659,175 |   348,659,175 |   43.02% |        100.00% |           14.53% |
|  439488 |   109 | 2027-10-15 |            0 |    150,000,000 |      100.00% | 150,000,000 |             435 |  1,754,975 |  200,414,151 |      350,414,151 |   350,414,151 |   42.81% |        100.00% |           14.60% |
|  443520 |   110 | 2027-10-29 |            0 |    150,000,000 |      100.00% | 150,000,000 |             434 |  1,753,474 |  202,167,625 |      352,167,625 |   352,167,625 |   42.59% |        100.00% |           14.67% |
|  447552 |   111 | 2027-11-12 |            0 |    150,000,000 |      100.00% | 150,000,000 |             434 |  1,751,974 |  203,919,599 |      353,919,599 |   353,919,599 |   42.38% |        100.00% |           14.75% |
|  451584 |   112 | 2027-11-26 |            0 |    150,000,000 |      100.00% | 150,000,000 |             433 |  1,750,475 |  205,670,074 |      355,670,074 |   355,670,074 |   42.17% |        100.00% |           14.82% |
|  455616 |   113 | 2027-12-10 |            0 |    150,000,000 |      100.00% | 150,000,000 |             433 |  1,748,977 |  207,419,052 |      357,419,052 |   357,419,052 |   41.97% |        100.00% |           14.89% |
|  459648 |   114 | 2027-12-24 |            0 |    150,000,000 |      100.00% | 150,000,000 |             433 |  1,747,481 |  209,166,533 |      359,166,533 |   359,166,533 |   41.76% |        100.00% |           14.97% |
|  463680 |   115 | 2028-01-07 |            0 |    150,000,000 |      100.00% | 150,000,000 |             432 |  1,745,986 |  210,912,519 |      360,912,519 |   360,912,519 |   41.56% |        100.00% |           15.04% |
|  467712 |   116 | 2028-01-21 |            0 |    150,000,000 |      100.00% | 150,000,000 |             432 |  1,744,492 |  212,657,012 |      362,657,012 |   362,657,012 |   41.36% |        100.00% |           15.11% |
|  471744 |   117 | 2028-02-04 |            0 |    150,000,000 |      100.00% | 150,000,000 |             432 |  1,743,000 |  214,400,012 |      364,400,012 |   364,400,012 |   41.16% |        100.00% |           15.18% |
|  475776 |   118 | 2028-02-18 |            0 |    150,000,000 |      100.00% | 150,000,000 |             431 |  1,741,508 |  216,141,521 |      366,141,521 |   366,141,521 |   40.97% |        100.00% |           15.26% |
|  479808 |   119 | 2028-03-03 |            0 |    150,000,000 |      100.00% | 150,000,000 |             431 |  1,740,018 |  217,881,540 |      367,881,540 |   367,881,540 |   40.77% |        100.00% |           15.33% |
|  483840 |   120 | 2028-03-17 |            0 |    150,000,000 |      100.00% | 150,000,000 |             430 |  1,738,530 |  219,620,070 |      369,620,070 |   369,620,070 |   40.58% |        100.00% |           15.40% |
|  487872 |   121 | 2028-03-31 |            0 |    150,000,000 |      100.00% | 150,000,000 |             430 |  1,737,042 |  221,357,113 |      371,357,113 |   371,357,113 |   40.39% |        100.00% |           15.47% |
|  491904 |   122 | 2028-04-14 |            0 |    150,000,000 |      100.00% | 150,000,000 |             430 |  1,735,556 |  223,092,670 |      373,092,670 |   373,092,670 |   40.20% |        100.00% |           15.55% |
|  495936 |   123 | 2028-04-28 |            0 |    150,000,000 |      100.00% | 150,000,000 |             429 |  1,734,072 |  224,826,742 |      374,826,742 |   374,826,742 |   40.02% |        100.00% |           15.62% |
|  499968 |   124 | 2028-05-12 |            0 |    150,000,000 |      100.00% | 150,000,000 |             429 |  1,732,588 |  226,559,331 |      376,559,331 |   376,559,331 |   39.83% |        100.00% |           15.69% |
|  504000 |   125 | 2028-05-26 |            0 |    150,000,000 |      100.00% | 150,000,000 |             429 |  1,731,106 |  228,290,437 |      378,290,437 |   378,290,437 |   39.65% |        100.00% |           15.76% |
|  508032 |   126 | 2028-06-09 |            0 |    150,000,000 |      100.00% | 150,000,000 |             428 |  1,729,625 |  230,020,062 |      380,020,062 |   380,020,062 |   39.47% |        100.00% |           15.83% |
|  512064 |   127 | 2028-06-23 |            0 |    150,000,000 |      100.00% | 150,000,000 |             428 |  1,728,145 |  231,748,208 |      381,748,208 |   381,748,208 |   39.29% |        100.00% |           15.91% |
|  516096 |   128 | 2028-07-07 |            0 |    150,000,000 |      100.00% | 150,000,000 |             428 |  1,726,667 |  233,474,875 |      383,474,875 |   383,474,875 |   39.12% |        100.00% |           15.98% |
|  520128 |   129 | 2028-07-21 |            0 |    150,000,000 |      100.00% | 150,000,000 |             427 |  1,725,189 |  235,200,065 |      385,200,065 |   385,200,065 |   38.94% |        100.00% |           16.05% |
|  524160 |   130 | 2028-08-04 |            0 |    150,000,000 |      100.00% | 150,000,000 |             427 |  1,723,713 |  236,923,779 |      386,923,779 |   386,923,779 |   38.77% |        100.00% |           16.12% |
|  528192 |   131 | 2028-08-18 |            0 |    150,000,000 |      100.00% | 150,000,000 |             426 |  1,722,239 |  238,646,018 |      388,646,018 |   388,646,018 |   38.60% |        100.00% |           16.19% |
|  532224 |   132 | 2028-09-01 |            0 |    150,000,000 |      100.00% | 150,000,000 |             426 |  1,720,765 |  240,366,784 |      390,366,784 |   390,366,784 |   38.43% |        100.00% |           16.27% |
|  536256 |   133 | 2028-09-15 |            0 |    150,000,000 |      100.00% | 150,000,000 |             426 |  1,719,293 |  242,086,077 |      392,086,077 |   392,086,077 |   38.26% |        100.00% |           16.34% |
|  540288 |   134 | 2028-09-29 |            0 |    150,000,000 |      100.00% | 150,000,000 |             425 |  1,717,822 |  243,803,900 |      393,803,900 |   393,803,900 |   38.09% |        100.00% |           16.41% |
|  544320 |   135 | 2028-10-13 |            0 |    150,000,000 |      100.00% | 150,000,000 |             425 |  1,716,353 |  245,520,253 |      395,520,253 |   395,520,253 |   37.92% |        100.00% |           16.48% |
|  548352 |   136 | 2028-10-27 |            0 |    150,000,000 |      100.00% | 150,000,000 |             425 |  1,714,884 |  247,235,138 |      397,235,138 |   397,235,138 |   37.76% |        100.00% |           16.55% |
|  552384 |   137 | 2028-11-10 |            0 |    150,000,000 |      100.00% | 150,000,000 |             424 |  1,713,417 |  248,948,556 |      398,948,556 |   398,948,556 |   37.60% |        100.00% |           16.62% |
|  556416 |   138 | 2028-11-24 |            0 |    150,000,000 |      100.00% | 150,000,000 |             424 |  1,711,951 |  250,660,507 |      400,660,507 |   400,660,507 |   37.44% |        100.00% |           16.69% |
|  560448 |   139 | 2028-12-08 |            0 |    150,000,000 |      100.00% | 150,000,000 |             424 |  1,710,487 |  252,370,994 |      402,370,994 |   402,370,994 |   37.28% |        100.00% |           16.77% |
|  564480 |   140 | 2028-12-22 |            0 |    150,000,000 |      100.00% | 150,000,000 |             423 |  1,709,023 |  254,080,018 |      404,080,018 |   404,080,018 |   37.12% |        100.00% |           16.84% |
|  568512 |   141 | 2029-01-05 |            0 |    150,000,000 |      100.00% | 150,000,000 |             423 |  1,707,561 |  255,787,580 |      405,787,580 |   405,787,580 |   36.97% |        100.00% |           16.91% |
|  572544 |   142 | 2029-01-19 |            0 |    150,000,000 |      100.00% | 150,000,000 |             422 |  1,706,100 |  257,493,680 |      407,493,680 |   407,493,680 |   36.81% |        100.00% |           16.98% |
|  576576 |   143 | 2029-02-02 |            0 |    150,000,000 |      100.00% | 150,000,000 |             422 |  1,704,641 |  259,198,322 |      409,198,322 |   409,198,322 |   36.66% |        100.00% |           17.05% |
|  580608 |   144 | 2029-02-16 |            0 |    150,000,000 |      100.00% | 150,000,000 |             422 |  1,703,182 |  260,901,504 |      410,901,504 |   410,901,504 |   36.51% |        100.00% |           17.12% |
|  584640 |   145 | 2029-03-02 |            0 |    150,000,000 |      100.00% | 150,000,000 |             421 |  1,701,725 |  262,603,230 |      412,603,230 |   412,603,230 |   36.35% |        100.00% |           17.19% |
|  588672 |   146 | 2029-03-16 |            0 |    150,000,000 |      100.00% | 150,000,000 |             421 |  1,700,269 |  264,303,500 |      414,303,500 |   414,303,500 |   36.21% |        100.00% |           17.26% |
|  592704 |   147 | 2029-03-30 |            0 |    150,000,000 |      100.00% | 150,000,000 |             421 |  1,698,815 |  266,002,315 |      416,002,315 |   416,002,315 |   36.06% |        100.00% |           17.33% |
|  596736 |   148 | 2029-04-13 |            0 |    150,000,000 |      100.00% | 150,000,000 |             420 |  1,697,361 |  267,699,677 |      417,699,677 |   417,699,677 |   35.91% |        100.00% |           17.40% |
|  600768 |   149 | 2029-04-27 |            0 |    150,000,000 |      100.00% | 150,000,000 |             420 |  1,695,909 |  269,395,586 |      419,395,586 |   419,395,586 |   35.77% |        100.00% |           17.47% |
|  604800 |   150 | 2029-05-11 |            0 |    150,000,000 |      100.00% | 150,000,000 |             420 |  1,694,458 |  271,090,045 |      421,090,045 |   421,090,045 |   35.62% |        100.00% |           17.55% |
|  608832 |   151 | 2029-05-25 |            0 |    150,000,000 |      100.00% | 150,000,000 |             419 |  1,693,009 |  272,783,054 |      422,783,054 |   422,783,054 |   35.48% |        100.00% |           17.62% |
|  612864 |   152 | 2029-06-08 |            0 |    150,000,000 |      100.00% | 150,000,000 |             419 |  1,691,560 |  274,474,615 |      424,474,615 |   424,474,615 |   35.34% |        100.00% |           17.69% |
|  616896 |   153 | 2029-06-22 |            0 |    150,000,000 |      100.00% | 150,000,000 |             418 |  1,690,113 |  276,164,728 |      426,164,728 |   426,164,728 |   35.20% |        100.00% |           17.76% |
|  620928 |   154 | 2029-07-06 |            0 |    150,000,000 |      100.00% | 150,000,000 |             418 |  1,688,667 |  277,853,396 |      427,853,396 |   427,853,396 |   35.06% |        100.00% |           17.83% |
|  624960 |   155 | 2029-07-20 |            0 |    150,000,000 |      100.00% | 150,000,000 |             418 |  1,687,222 |  279,540,619 |      429,540,619 |   429,540,619 |   34.92% |        100.00% |           17.90% |
|  628992 |   156 | 2029-08-03 |            0 |    150,000,000 |      100.00% | 150,000,000 |             417 |  1,685,779 |  281,226,398 |      431,226,398 |   431,226,398 |   34.78% |        100.00% |           17.97% |
|  633024 |   157 | 2029-08-17 |            0 |    150,000,000 |      100.00% | 150,000,000 |             417 |  1,684,337 |  282,910,735 |      432,910,735 |   432,910,735 |   34.65% |        100.00% |           18.04% |
|  637056 |   158 | 2029-08-31 |            0 |    150,000,000 |      100.00% | 150,000,000 |             417 |  1,682,896 |  284,593,632 |      434,593,632 |   434,593,632 |   34.52% |        100.00% |           18.11% |
|  641088 |   159 | 2029-09-14 |            0 |    150,000,000 |      100.00% | 150,000,000 |             416 |  1,681,456 |  286,275,088 |      436,275,088 |   436,275,088 |   34.38% |        100.00% |           18.18% |
|  645120 |   160 | 2029-09-28 |            0 |    150,000,000 |      100.00% | 150,000,000 |             416 |  1,680,017 |  287,955,106 |      437,955,106 |   437,955,106 |   34.25% |        100.00% |           18.25% |
|  649152 |   161 | 2029-10-12 |            0 |    150,000,000 |      100.00% | 150,000,000 |             416 |  1,678,580 |  289,633,686 |      439,633,686 |   439,633,686 |   34.12% |        100.00% |           18.32% |
|  653184 |   162 | 2029-10-26 |            0 |    150,000,000 |      100.00% | 150,000,000 |             415 |  1,677,144 |  291,310,831 |      441,310,831 |   441,310,831 |   33.99% |        100.00% |           18.39% |
|  657216 |   163 | 2029-11-09 |            0 |    150,000,000 |      100.00% | 150,000,000 |             415 |  1,675,709 |  292,986,541 |      442,986,541 |   442,986,541 |   33.86% |        100.00% |           18.46% |
|  661248 |   164 | 2029-11-23 |            0 |    150,000,000 |      100.00% | 150,000,000 |             415 |  1,674,276 |  294,660,817 |      444,660,817 |   444,660,817 |   33.73% |        100.00% |           18.53% |
|  665280 |   165 | 2029-12-07 |            0 |    150,000,000 |      100.00% | 150,000,000 |             414 |  1,672,843 |  296,333,660 |      446,333,660 |   446,333,660 |   33.61% |        100.00% |           18.60% |
|  669312 |   166 | 2029-12-21 |            0 |    150,000,000 |      100.00% | 150,000,000 |             414 |  1,671,412 |  298,005,073 |      448,005,073 |   448,005,073 |   33.48% |        100.00% |           18.67% |
|  673344 |   167 | 2030-01-04 |            0 |    150,000,000 |      100.00% | 150,000,000 |             414 |  1,669,982 |  299,675,056 |      449,675,056 |   449,675,056 |   33.36% |        100.00% |           18.74% |
|  677376 |   168 | 2030-01-18 |            0 |    150,000,000 |      100.00% | 150,000,000 |             413 |  1,668,553 |  301,343,609 |      451,343,609 |   451,343,609 |   33.23% |        100.00% |           18.81% |
|  681408 |   169 | 2030-02-01 |            0 |    150,000,000 |      100.00% | 150,000,000 |             413 |  1,667,126 |  303,010,736 |      453,010,736 |   453,010,736 |   33.11% |        100.00% |           18.88% |
|  685440 |   170 | 2030-02-15 |            0 |    150,000,000 |      100.00% | 150,000,000 |             412 |  1,665,700 |  304,676,436 |      454,676,436 |   454,676,436 |   32.99% |        100.00% |           18.94% |
|  689472 |   171 | 2030-03-01 |            0 |    150,000,000 |      100.00% | 150,000,000 |             412 |  1,664,275 |  306,340,711 |      456,340,711 |   456,340,711 |   32.87% |        100.00% |           19.01% |
|  693504 |   172 | 2030-03-15 |            0 |    150,000,000 |      100.00% | 150,000,000 |             412 |  1,662,851 |  308,003,562 |      458,003,562 |   458,003,562 |   32.75% |        100.00% |           19.08% |
|  697536 |   173 | 2030-03-29 |            0 |    150,000,000 |      100.00% | 150,000,000 |             411 |  1,661,428 |  309,664,991 |      459,664,991 |   459,664,991 |   32.63% |        100.00% |           19.15% |
|  701568 |   174 | 2030-04-12 |            0 |    150,000,000 |      100.00% | 150,000,000 |             411 |  1,660,007 |  311,324,998 |      461,324,998 |   461,324,998 |   32.52% |        100.00% |           19.22% |
|  705600 |   175 | 2030-04-26 |            0 |    150,000,000 |      100.00% | 150,000,000 |             411 |  1,658,587 |  312,983,585 |      462,983,585 |   462,983,585 |   32.40% |        100.00% |           19.29% |
|  709632 |   176 | 2030-05-10 |            0 |    150,000,000 |      100.00% | 150,000,000 |             410 |  1,657,168 |  314,640,753 |      464,640,753 |   464,640,753 |   32.28% |        100.00% |           19.36% |
|  713664 |   177 | 2030-05-24 |            0 |    150,000,000 |      100.00% | 150,000,000 |             410 |  1,655,750 |  316,296,503 |      466,296,503 |   466,296,503 |   32.17% |        100.00% |           19.43% |
|  717696 |   178 | 2030-06-07 |            0 |    150,000,000 |      100.00% | 150,000,000 |             410 |  1,654,333 |  317,950,837 |      467,950,837 |   467,950,837 |   32.05% |        100.00% |           19.50% |
|  721728 |   179 | 2030-06-21 |            0 |    150,000,000 |      100.00% | 150,000,000 |             409 |  1,652,918 |  319,603,756 |      469,603,756 |   469,603,756 |   31.94% |        100.00% |           19.57% |
|  725760 |   180 | 2030-07-05 |            0 |    150,000,000 |      100.00% | 150,000,000 |             409 |  1,651,504 |  321,255,260 |      471,255,260 |   471,255,260 |   31.83% |        100.00% |           19.64% |
|  729792 |   181 | 2030-07-19 |            0 |    150,000,000 |      100.00% | 150,000,000 |             409 |  1,650,091 |  322,905,351 |      472,905,351 |   472,905,351 |   31.72% |        100.00% |           19.70% |
|  733824 |   182 | 2030-08-02 |            0 |    150,000,000 |      100.00% | 150,000,000 |             408 |  1,648,679 |  324,554,031 |      474,554,031 |   474,554,031 |   31.61% |        100.00% |           19.77% |
|  737856 |   183 | 2030-08-16 |            0 |    150,000,000 |      100.00% | 150,000,000 |             408 |  1,647,269 |  326,201,300 |      476,201,300 |   476,201,300 |   31.50% |        100.00% |           19.84% |
|  741888 |   184 | 2030-08-30 |            0 |    150,000,000 |      100.00% | 150,000,000 |             408 |  1,645,859 |  327,847,160 |      477,847,160 |   477,847,160 |   31.39% |        100.00% |           19.91% |
|  745920 |   185 | 2030-09-13 |            0 |    150,000,000 |      100.00% | 150,000,000 |             407 |  1,644,451 |  329,491,612 |      479,491,612 |   479,491,612 |   31.28% |        100.00% |           19.98% |
|  749952 |   186 | 2030-09-27 |            0 |    150,000,000 |      100.00% | 150,000,000 |             407 |  1,643,045 |  331,134,657 |      481,134,657 |   481,134,657 |   31.18% |        100.00% |           20.05% |
|  753984 |   187 | 2030-10-11 |            0 |    150,000,000 |      100.00% | 150,000,000 |             406 |  1,641,639 |  332,776,297 |      482,776,297 |   482,776,297 |   31.07% |        100.00% |           20.12% |
|  758016 |   188 | 2030-10-25 |            0 |    150,000,000 |      100.00% | 150,000,000 |             406 |  1,640,234 |  334,416,532 |      484,416,532 |   484,416,532 |   30.97% |        100.00% |           20.18% |
|  762048 |   189 | 2030-11-08 |            0 |    150,000,000 |      100.00% | 150,000,000 |             406 |  1,638,831 |  336,055,363 |      486,055,363 |   486,055,363 |   30.86% |        100.00% |           20.25% |
|  766080 |   190 | 2030-11-22 |            0 |    150,000,000 |      100.00% | 150,000,000 |             405 |  1,637,429 |  337,692,793 |      487,692,793 |   487,692,793 |   30.76% |        100.00% |           20.32% |
|  770112 |   191 | 2030-12-06 |            0 |    150,000,000 |      100.00% | 150,000,000 |             405 |  1,636,028 |  339,328,822 |      489,328,822 |   489,328,822 |   30.65% |        100.00% |           20.39% |
|  774144 |   192 | 2030-12-20 |            0 |    150,000,000 |      100.00% | 150,000,000 |             405 |  1,634,629 |  340,963,451 |      490,963,451 |   490,963,451 |   30.55% |        100.00% |           20.46% |
|  778176 |   193 | 2031-01-03 |            0 |    150,000,000 |      100.00% | 150,000,000 |             404 |  1,633,230 |  342,596,681 |      492,596,681 |   492,596,681 |   30.45% |        100.00% |           20.52% |
|  782208 |   194 | 2031-01-17 |            0 |    150,000,000 |      100.00% | 150,000,000 |             404 |  1,631,833 |  344,228,514 |      494,228,514 |   494,228,514 |   30.35% |        100.00% |           20.59% |
|  786240 |   195 | 2031-01-31 |            0 |    150,000,000 |      100.00% | 150,000,000 |             404 |  1,630,437 |  345,858,952 |      495,858,952 |   495,858,952 |   30.25% |        100.00% |           20.66% |
|  790272 |   196 | 2031-02-14 |            0 |    150,000,000 |      100.00% | 150,000,000 |             403 |  1,629,042 |  347,487,994 |      497,487,994 |   497,487,994 |   30.15% |        100.00% |           20.73% |
|  794304 |   197 | 2031-02-28 |            0 |    150,000,000 |      100.00% | 150,000,000 |             403 |  1,627,648 |  349,115,643 |      499,115,643 |   499,115,643 |   30.05% |        100.00% |           20.80% |
|  798336 |   198 | 2031-03-14 |            0 |    150,000,000 |      100.00% | 150,000,000 |             403 |  1,626,256 |  350,741,899 |      500,741,899 |   500,741,899 |   29.96% |        100.00% |           20.86% |
|  802368 |   199 | 2031-03-28 |            0 |    150,000,000 |      100.00% | 150,000,000 |             402 |  1,624,864 |  352,366,764 |      502,366,764 |   502,366,764 |   29.86% |        100.00% |           20.93% |
|  806400 |   200 | 2031-04-11 |            0 |    150,000,000 |      100.00% | 150,000,000 |             402 |  1,623,474 |  353,990,238 |      503,990,238 |   503,990,238 |   29.76% |        100.00% |           21.00% |
|  810432 |   201 | 2031-04-25 |            0 |    150,000,000 |      100.00% | 150,000,000 |             402 |  1,622,085 |  355,612,324 |      505,612,324 |   505,612,324 |   29.67% |        100.00% |           21.07% |
|  814464 |   202 | 2031-05-09 |            0 |    150,000,000 |      100.00% | 150,000,000 |             401 |  1,620,698 |  357,233,022 |      507,233,022 |   507,233,022 |   29.57% |        100.00% |           21.13% |
|  818496 |   203 | 2031-05-23 |            0 |    150,000,000 |      100.00% | 150,000,000 |             401 |  1,619,311 |  358,852,334 |      508,852,334 |   508,852,334 |   29.48% |        100.00% |           21.20% |
|  822528 |   204 | 2031-06-06 |            0 |    150,000,000 |      100.00% | 150,000,000 |             401 |  1,617,926 |  360,470,260 |      510,470,260 |   510,470,260 |   29.38% |        100.00% |           21.27% |
|  826560 |   205 | 2031-06-20 |            0 |    150,000,000 |      100.00% | 150,000,000 |             400 |  1,616,541 |  362,086,802 |      512,086,802 |   512,086,802 |   29.29% |        100.00% |           21.34% |
|  830592 |   206 | 2031-07-04 |            0 |    150,000,000 |      100.00% | 150,000,000 |             400 |  1,615,158 |  363,701,961 |      513,701,961 |   513,701,961 |   29.20% |        100.00% |           21.40% |
|  834624 |   207 | 2031-07-18 |            0 |    150,000,000 |      100.00% | 150,000,000 |             400 |  1,613,777 |  365,315,738 |      515,315,738 |   515,315,738 |   29.11% |        100.00% |           21.47% |
|  838656 |   208 | 2031-08-01 |            0 |    150,000,000 |      100.00% | 150,000,000 |             399 |  1,612,396 |  366,928,135 |      516,928,135 |   516,928,135 |   29.02% |        100.00% |           21.54% |
|  842688 |   209 | 2031-08-15 |            0 |    150,000,000 |      100.00% | 150,000,000 |             399 |  1,611,017 |  368,539,152 |      518,539,152 |   518,539,152 |   28.93% |        100.00% |           21.61% |
|  846720 |   210 | 2031-08-29 |            0 |    150,000,000 |      100.00% | 150,000,000 |             399 |  1,609,638 |  370,148,791 |      520,148,791 |   520,148,791 |   28.84% |        100.00% |           21.67% |
|  850752 |   211 | 2031-09-12 |            0 |    150,000,000 |      100.00% | 150,000,000 |             398 |  1,608,261 |  371,757,052 |      521,757,052 |   521,757,052 |   28.75% |        100.00% |           21.74% |
|  854784 |   212 | 2031-09-26 |            0 |    150,000,000 |      100.00% | 150,000,000 |             398 |  1,606,885 |  373,363,938 |      523,363,938 |   523,363,938 |   28.66% |        100.00% |           21.81% |
|  858816 |   213 | 2031-10-10 |            0 |    150,000,000 |      100.00% | 150,000,000 |             398 |  1,605,511 |  374,969,449 |      524,969,449 |   524,969,449 |   28.57% |        100.00% |           21.87% |
|  862848 |   214 | 2031-10-24 |            0 |    150,000,000 |      100.00% | 150,000,000 |             397 |  1,604,137 |  376,573,587 |      526,573,587 |   526,573,587 |   28.49% |        100.00% |           21.94% |
|  866880 |   215 | 2031-11-07 |            0 |    150,000,000 |      100.00% | 150,000,000 |             397 |  1,602,765 |  378,176,352 |      528,176,352 |   528,176,352 |   28.40% |        100.00% |           22.01% |
|  870912 |   216 | 2031-11-21 |            0 |    150,000,000 |      100.00% | 150,000,000 |             397 |  1,601,393 |  379,777,746 |      529,777,746 |   529,777,746 |   28.31% |        100.00% |           22.07% |
|  874944 |   217 | 2031-12-05 |            0 |    150,000,000 |      100.00% | 150,000,000 |             396 |  1,600,023 |  381,377,770 |      531,377,770 |   531,377,770 |   28.23% |        100.00% |           22.14% |
|  878976 |   218 | 2031-12-19 |            0 |    150,000,000 |      100.00% | 150,000,000 |             396 |  1,598,655 |  382,976,425 |      532,976,425 |   532,976,425 |   28.14% |        100.00% |           22.21% |
|  883008 |   219 | 2032-01-02 |            0 |    150,000,000 |      100.00% | 150,000,000 |             395 |  1,597,287 |  384,573,712 |      534,573,712 |   534,573,712 |   28.06% |        100.00% |           22.27% |
|  887040 |   220 | 2032-01-16 |            0 |    150,000,000 |      100.00% | 150,000,000 |             395 |  1,595,920 |  386,169,633 |      536,169,633 |   536,169,633 |   27.98% |        100.00% |           22.34% |
|  891072 |   221 | 2032-01-30 |            0 |    150,000,000 |      100.00% | 150,000,000 |             395 |  1,594,555 |  387,764,189 |      537,764,189 |   537,764,189 |   27.89% |        100.00% |           22.41% |
|  895104 |   222 | 2032-02-13 |            0 |    150,000,000 |      100.00% | 150,000,000 |             394 |  1,593,191 |  389,357,380 |      539,357,380 |   539,357,380 |   27.81% |        100.00% |           22.47% |
|  899136 |   223 | 2032-02-27 |            0 |    150,000,000 |      100.00% | 150,000,000 |             394 |  1,591,828 |  390,949,208 |      540,949,208 |   540,949,208 |   27.73% |        100.00% |           22.54% |
|  903168 |   224 | 2032-03-12 |            0 |    150,000,000 |      100.00% | 150,000,000 |             394 |  1,590,466 |  392,539,675 |      542,539,675 |   542,539,675 |   27.65% |        100.00% |           22.61% |
|  907200 |   225 | 2032-03-26 |            0 |    150,000,000 |      100.00% | 150,000,000 |             393 |  1,589,105 |  394,128,781 |      544,128,781 |   544,128,781 |   27.57% |        100.00% |           22.67% |
|  911232 |   226 | 2032-04-09 |            0 |    150,000,000 |      100.00% | 150,000,000 |             393 |  1,587,746 |  395,716,527 |      545,716,527 |   545,716,527 |   27.49% |        100.00% |           22.74% |
|  915264 |   227 | 2032-04-23 |            0 |    150,000,000 |      100.00% | 150,000,000 |             393 |  1,586,387 |  397,302,915 |      547,302,915 |   547,302,915 |   27.41% |        100.00% |           22.80% |
|  919296 |   228 | 2032-05-07 |            0 |    150,000,000 |      100.00% | 150,000,000 |             392 |  1,585,030 |  398,887,945 |      548,887,945 |   548,887,945 |   27.33% |        100.00% |           22.87% |
|  923328 |   229 | 2032-05-21 |            0 |    150,000,000 |      100.00% | 150,000,000 |             392 |  1,583,674 |  400,471,620 |      550,471,620 |   550,471,620 |   27.25% |        100.00% |           22.94% |
|  927360 |   230 | 2032-06-04 |            0 |    150,000,000 |      100.00% | 150,000,000 |             392 |  1,582,319 |  402,053,940 |      552,053,940 |   552,053,940 |   27.17% |        100.00% |           23.00% |
|  931392 |   231 | 2032-06-18 |            0 |    150,000,000 |      100.00% | 150,000,000 |             391 |  1,580,966 |  403,634,906 |      553,634,906 |   553,634,906 |   27.09% |        100.00% |           23.07% |
|  935424 |   232 | 2032-07-02 |            0 |    150,000,000 |      100.00% | 150,000,000 |             391 |  1,579,613 |  405,214,519 |      555,214,519 |   555,214,519 |   27.02% |        100.00% |           23.13% |
|  939456 |   233 | 2032-07-16 |            0 |    150,000,000 |      100.00% | 150,000,000 |             391 |  1,578,262 |  406,792,782 |      556,792,782 |   556,792,782 |   26.94% |        100.00% |           23.20% |
|  943488 |   234 | 2032-07-30 |            0 |    150,000,000 |      100.00% | 150,000,000 |             390 |  1,576,911 |  408,369,693 |      558,369,693 |   558,369,693 |   26.86% |        100.00% |           23.27% |
|  947520 |   235 | 2032-08-13 |            0 |    150,000,000 |      100.00% | 150,000,000 |             390 |  1,575,562 |  409,945,256 |      559,945,256 |   559,945,256 |   26.79% |        100.00% |           23.33% |
|  951552 |   236 | 2032-08-27 |            0 |    150,000,000 |      100.00% | 150,000,000 |             390 |  1,574,214 |  411,519,471 |      561,519,471 |   561,519,471 |   26.71% |        100.00% |           23.40% |
|  955584 |   237 | 2032-09-10 |            0 |    150,000,000 |      100.00% | 150,000,000 |             389 |  1,572,868 |  413,092,339 |      563,092,339 |   563,092,339 |   26.64% |        100.00% |           23.46% |
|  959616 |   238 | 2032-09-24 |            0 |    150,000,000 |      100.00% | 150,000,000 |             389 |  1,571,522 |  414,663,861 |      564,663,861 |   564,663,861 |   26.56% |        100.00% |           23.53% |
|  963648 |   239 | 2032-10-08 |            0 |    150,000,000 |      100.00% | 150,000,000 |             389 |  1,570,177 |  416,234,039 |      566,234,039 |   566,234,039 |   26.49% |        100.00% |           23.59% |
|  967680 |   240 | 2032-10-22 |            0 |    150,000,000 |      100.00% | 150,000,000 |             388 |  1,568,834 |  417,802,874 |      567,802,874 |   567,802,874 |   26.42% |        100.00% |           23.66% |
|  971712 |   241 | 2032-11-05 |            0 |    150,000,000 |      100.00% | 150,000,000 |             388 |  1,567,492 |  419,370,366 |      569,370,366 |   569,370,366 |   26.34% |        100.00% |           23.72% |
|  975744 |   242 | 2032-11-19 |            0 |    150,000,000 |      100.00% | 150,000,000 |             388 |  1,566,151 |  420,936,518 |      570,936,518 |   570,936,518 |   26.27% |        100.00% |           23.79% |
|  979776 |   243 | 2032-12-03 |            0 |    150,000,000 |      100.00% | 150,000,000 |             387 |  1,564,811 |  422,501,329 |      572,501,329 |   572,501,329 |   26.20% |        100.00% |           23.85% |
|  983808 |   244 | 2032-12-17 |            0 |    150,000,000 |      100.00% | 150,000,000 |             387 |  1,563,472 |  424,064,802 |      574,064,802 |   574,064,802 |   26.13% |        100.00% |           23.92% |
|  987840 |   245 | 2032-12-31 |            0 |    150,000,000 |      100.00% | 150,000,000 |             387 |  1,562,135 |  425,626,937 |      575,626,937 |   575,626,937 |   26.06% |        100.00% |           23.98% |
|  991872 |   246 | 2033-01-14 |            0 |    150,000,000 |      100.00% | 150,000,000 |             386 |  1,560,798 |  427,187,736 |      577,187,736 |   577,187,736 |   25.99% |        100.00% |           24.05% |
|  995904 |   247 | 2033-01-28 |            0 |    150,000,000 |      100.00% | 150,000,000 |             386 |  1,559,463 |  428,747,200 |      578,747,200 |   578,747,200 |   25.92% |        100.00% |           24.11% |
|  999936 |   248 | 2033-02-11 |            0 |    150,000,000 |      100.00% | 150,000,000 |             386 |  1,558,129 |  430,305,329 |      580,305,329 |   580,305,329 |   25.85% |        100.00% |           24.18% |
| 1003968 |   249 | 2033-02-25 |            0 |    150,000,000 |      100.00% | 150,000,000 |             385 |  1,556,796 |  431,862,125 |      581,862,125 |   581,862,125 |   25.78% |        100.00% |           24.24% |
| 1008000 |   250 | 2033-03-11 |            0 |    150,000,000 |      100.00% | 150,000,000 |             385 |  1,555,464 |  433,417,590 |      583,417,590 |   583,417,590 |   25.71% |        100.00% |           24.31% |
| 1012032 |   251 | 2033-03-25 |            0 |    150,000,000 |      100.00% | 150,000,000 |             385 |  1,554,133 |  434,971,723 |      584,971,723 |   584,971,723 |   25.64% |        100.00% |           24.37% |
| 1016064 |   252 | 2033-04-08 |            0 |    150,000,000 |      100.00% | 150,000,000 |             384 |  1,552,804 |  436,524,527 |      586,524,527 |   586,524,527 |   25.57% |        100.00% |           24.44% |
| 1020096 |   253 | 2033-04-22 |            0 |    150,000,000 |      100.00% | 150,000,000 |             384 |  1,551,475 |  438,076,003 |      588,076,003 |   588,076,003 |   25.51% |        100.00% |           24.50% |
| 1024128 |   254 | 2033-05-06 |            0 |    150,000,000 |      100.00% | 150,000,000 |             384 |  1,550,148 |  439,626,151 |      589,626,151 |   589,626,151 |   25.44% |        100.00% |           24.57% |
| 1028160 |   255 | 2033-05-20 |            0 |    150,000,000 |      100.00% | 150,000,000 |             383 |  1,548,822 |  441,174,973 |      591,174,973 |   591,174,973 |   25.37% |        100.00% |           24.63% |
| 1032192 |   256 | 2033-06-03 |            0 |    150,000,000 |      100.00% | 150,000,000 |             383 |  1,547,496 |  442,722,470 |      592,722,470 |   592,722,470 |   25.31% |        100.00% |           24.70% |
| 1036224 |   257 | 2033-06-17 |            0 |    150,000,000 |      100.00% | 150,000,000 |             383 |  1,546,173 |  444,268,643 |      594,268,643 |   594,268,643 |   25.24% |        100.00% |           24.76% |
| 1040256 |   258 | 2033-07-01 |            0 |    150,000,000 |      100.00% | 150,000,000 |             382 |  1,544,850 |  445,813,493 |      595,813,493 |   595,813,493 |   25.18% |        100.00% |           24.83% |
| 1044288 |   259 | 2033-07-15 |            0 |    150,000,000 |      100.00% | 150,000,000 |             382 |  1,543,528 |  447,357,022 |      597,357,022 |   597,357,022 |   25.11% |        100.00% |           24.89% |
| 1048320 |   260 | 2033-07-29 |            0 |    150,000,000 |      100.00% | 150,000,000 |             382 |  1,542,208 |  448,899,230 |      598,899,230 |   598,899,230 |   25.05% |        100.00% |           24.95% |
| 1051200 |   260 | 2033-08-08 |            0 |    150,000,000 |      100.00% | 150,000,000 |             382 |  1,100,769 |  450,000,000 |      600,000,000 |   600,000,000 |   25.00% |        100.00% |           25.00% |
+---------+-------+------------+--------------+----------------+--------------+-------------+-----------------+------------+--------------+------------------+---------------+----------+----------------+------------------+
Please note:
- All figures in SMESH (rounded down)
- No coins are issued until effective genesis, two epochs post-genesis
- Dates are accurate, layer and epoch numbers count from effective genesis
- Figures represent maximum issuance (and do not account for empty layers)

